1003864728
1004688508
1017309548
1017322928
1019404068
1021501288
1021592888
1021607088
1028945708
1029183908
1031068978
1034277208
1034931228
1034935628
1035135768
1035137768
1035255668
1035255848
1035264168
1035264428
1035264928
1035852768
1035865648
1035901448
1035919708
1036021628
1036037488
1036146088
1036148148
1037388708
1037394808
1037397668
1037400968
1037403988
1037408008
1037413728
1037424628
1037527388
1037529988
1037534928
1037567628
1037569128
1037573908
1037579808
1037585148
1038025588
1038027788
1038041288
1038047548
1038050928
1038070268
1038071808
1038282468
1038286048
1038943428
1038957748
1039320588
1041168968
1041205608
1041879048
1041879128
1041880848
1041881468
1041881668
1041881828
1042219328
1046596508
1046596688
1046596768
1046643028
1046646968
1046648528
1046651668
1046652448
1046652968
1047024388
1047043008
1047045528
1047059128
1047062208
1047063168
1047063908
1047064808
1047065448
1047065888
1047067348
1047068148
1047148708
1047323388
1047325448
1047327448
1047328828
1047330548
1047331928
1047332628
1047334008
1047553188
1053936668
1054654288
1054694548
1054694728
1054694988
1054695188
1054695308
1054695428
1054695708
1054695988
1054696128
1054696348
1054738388
1054738528
1054738908
1054739848
1056592828
1056615888
1057970268
1057970628
1057977008
1058004488
1058856248
1058856948
1058857228
1058857548
1065140908
1065141248
1065142188
1065143228
1065144588
1065146628
1065147208
1065147608
1065147888
1065290268
1065291048
1065293368
1065295688
1065296108
1065648208
1065663568
1065663728
1065663988
1065664448
1065664708
1065665388
1065665868
1065666108
1065862908
1065864668
1065864828
1065865428
1065865568
1065865988
1065866128
1065945588
1065946768
1065947108
1065947868
1065948168
1065948648
1065949208
1065949588
1067821448
1069431218
1076579868
1080852988
1080854908
1087561028
1087568428
1087573768
1091350628
1091353628
1091355468
1091358048
1091364268
1091365848
1091366148
1091367508
1091368528
1091370528
1091374808
1091375948
1091378288
1091378928
1091382688
1091383288
1091383768
1091384788
1091386128
1091386768
1091387428
1091387848
1103666428
1103670148
1104364928
1104369048
1104369408
1104405228
1104442288
1104525248
1104528668
1104529308
1104530008
1104530568
1104530888
1104531308
1104531608
1104531848
1104532088
1104532368
1104532728
1104532888
1104532968
1104533088
1104533188
1104533408
1104533488
1104533548
1104533588
1104533748
1104533868
1104533948
1104534048
1104534268
1104534388
1104534548
1104534608
1104534808
1104534868
1104534948
1104535008
1104535028
1104535088
1104535168
1104535208
1104535288
1104535508
1104535528
1104535608
1104535688
1104623628
1104625128
1104627788
1107737448
1107738488
1107740248
1107747428
1107747988
1107748708
1107749928
1107751248
1107752908
1107756168
1107756948
1107759108
1107761648
1107762048
1107951868
1107954348
1107955288
1107958488
1108884528
1109170528
1109171348
1109172888
1109173468
1109174008
1109174748
1109175348
1109177428
1109178248
1109178808
1109181308
1109181668
1109184288
1109185268
1109185768
1109187008
1109272188
1109273008
1109273608
1112199628
1112200628
1112201448
1112202288
1112203148
1112599648
1112601128
1112603068
1112603388
1112606128
1112606548
1112606868
1112607188
1112607648
1112608388
1112608828
1112609688
1112609968
1112610188
1112610528
1112611088
1112611348
1112611588
1112611948
1112612268
1112612508
1112612908
1112613388
1122205668
1122208248
1122216428
1122217508
1123989968
1123991168
1123991748
1127171688
1129097348
1129708328
1129709928
1129710668
1129711288
1129841548
1129843768
1129845188
1129847068
1131237488
1131426308
1131428528
1131433548
1131435628
1131754788
1131756308
1131757448
1133193868
1133194668
1133196128
1133197208
1133198408
1133198968
1134445468
1134446728
1135577628
1135589488
1142056448
1142057868
1142059048
1142060228
1142060768
1142079628
1142080268
1142081028
1142093908
1142094728
1142095608
1142096708
1142098008
1142565968
1142566608
1143125328
1146493928
1149198188
1156712208
1156836728
1157146688
1157147688
1157149448
1157396808
1157399748
1158129628
1158157768
1158158888
1160666648
1161286298
1162221088
1162226048
1162227988
1162741168
1162873828
1162881748
1162885008
1162886688
1162996958
1163341508
1163674708
1163675648
1163676568
1163687088
1164861838
1165772058
1167433688
1167434688
1167435488
1167436328
1167437268
1167567708
1167568268
1169950558
1170815348
1172793798
1179282088
1179284308
1179284948
1181094788
1181100808
1181105708
1181211038
1182469998
1184001548
1184006748
1184008408
1184009208
1187157608
1187158368
1187159008
1188025748
1193845228
1193846228
1193950108
1193951168
1196301048
1197316628
1200003138
1219669918
1232247178
1237445798
1237464058
1237466618
1237466898
1237467538
1237470178
1237489798
1237490618
1237492598
1237630498
1237632838
1237634438
1237863378
1239455958
1239456418
1239457378
1239457978
1239458158
1239458738
1239459318
1239459998
1239460478
1250226778
1250228718
1257804058
1257804598
1257806738
1257807378
1271256458
1271461118
1271464378
1271489998
1271555678
1271557298
1271719398
1271723558
1271726138
1271726858
1271755178
1271821938
1271823038
1271824378
1272433718
1272435798
1272437398
1272485698
1272743998
1272745118
1272813778
1272817018
1274272758
1274278278
1274409758
1274410458
1274569658
1274572238
1274573678
1276386538
1276389478
1276390538
1276391698
1276393038
1276393778
1276395158
1276396458
1276397438
1276398478
1276400398
1276401178
1276624198
1276625638
1276841238
1277786338
1277787238
1277792058
1277811998
1277857278
1277858198
1277859698
1278660798
1279605918
1279606218
1280672758
1281945818
1281947758
1281948678
1281952558
1281954038
1281955478
1284223938
1284340378
1284341538
1284342898
1284344558
1284347418
1284852238
1284853378
1287002778
1288770858
1290256158
1292292738
1292877458
1292881958
1292884458
1292885698
1292888878
1293083498
1297513918
1297515578
1299732558
1301150298
1301434178
1301435978
1301440178
1301442038
1301443278
1301471718
1301472098
1301472918
1301795938
1304368398
1306633878
1306800698
1308707838
1308713038
1308733878
1308735418
1308736678
1310367878
1310369118
1310371558
1310374738
1310375978
1310376838
1310378838
1310534238
1310535458
1311299158
1311300198
1311300898
1311301458
1314053298
1316116118
1317184818
1317185138
1317185478
1317712178
1317713358
1319632658
1319634238
1323558078
1323558978
1323559778
1323560758
1324568258
1324569378
1326179018
1326835678
1326974638
1326997358
1327012458
1327012898
1327013318
1336644598
1336864538
1337106458
1337117078
1337118398
1337335078
1342561678
1342563098
1342573298
1342574718
1342914558
1342919238
1343863558
1343878698
1344089718
1344090618
1345362698
1345366618
1345369038
1345371558
1345372778
1345524258
1347088618
1347089458
1348900878
1351422758
1352630618
1352634678
1367943418
1367946498
1369018718
1369021358
1369026178
