1003414328
1005574968
1006347708
1018437688
1022821368
1028798648
1031852388
1035256588
1035257148
1035257248
1035257748
1035257948
1035264328
1035264788
1035265348
1035822018
1035829788
1035830668
1035830848
1035849608
1036010068
1039559748
1039561088
1041716588
1041866788
1041878888
1041881148
1041881308
1042209488
1045948228
1065433108
1065649228
1065665528
1065865748
1065866548
1072765628
1082527148
1087517228
1087517568
1087519708
1087543748
1087546048
1087585908
1087589928
1090149088
1092274908
1094289508
1094364568
1097541108
1098302808
1103663168
1103663568
1103670988
1104365468
1104366488
1104367728
1104368188
1104369848
1104370288
1104371688
1104372028
1104374228
1104438808
1104439188
1104439388
1104441048
1104441448
1104441808
1104442808
1104442988
1108645828
1108648468
1108650308
1108651428
1108652268
1108653068
1111502628
1111818288
1111819248
1111821568
1111822588
1111823628
1111824588
1111825228
1111826048
1112518108
1112520028
1112521728
1112523488
1113598868
1113599988
1113935828
1116576888
1118129768
1141035348
1174234798
1175159258
1180035538
1186671668
1186672748
1192080058
1197597098
1223012338
1223045218
1272968038
1284312018
1284320138
1284322498
1284650058
1284662478
1307117718
1323836838
